1 0.605070 0.452319 0.078641 0.103972
1 0.327336 0.721389 0.022266 0.020694
1 0.360055 0.639236 0.038156 0.063833
1 0.456477 0.563319 0.009563 0.008000
1 0.468906 0.575069 0.007609 0.017500
1 0.471242 0.593403 0.008719 0.012167
1 0.464914 0.598069 0.007313 0.011500
1 0.365305 0.682319 0.004406 0.009667
1 0.246719 0.695319 0.007234 0.009000
1 0.320156 0.681667 0.005812 0.013333
1 0.561246 0.390549 0.059461 0.085403
1 0.739891 0.445819 0.056875 0.072083
1 0.357555 0.297201 0.013281 0.012097
1 0.435820 0.696167 0.034375 0.037083
1 0.213340 0.642486 0.114539 0.243861
1 0.212520 0.374979 0.105445 0.224819
